-4.062371 -2.062244 -1.529304
-4.069072 -2.058195 -1.277798
-4.071120 -2.053478 -1.078395
-4.074384 -2.049040 -0.869344
-4.079881 -2.043876 -0.636765
-4.086023 -2.040376 -0.408688
-4.094307 -2.037643 -0.208839
-4.093379 -2.037434 -0.025201
-4.070410 -2.035497 0.156064
-4.030908 -2.025048 0.341278
-3.971679 -1.996347 0.552324
-3.899464 -1.939763 0.770265
-3.865200 -1.902942 0.866927
-3.831190 -1.858681 0.957374
-3.797883 -1.806455 1.042994
-3.766595 -1.746455 1.137199
-3.739597 -1.680089 1.229997
-3.718483 -1.611309 1.314047
-3.702217 -1.539241 1.381250
-3.690442 -1.465589 1.451146
-3.684573 -1.384382 1.542025
-3.683389 -1.291450 1.577214
-3.685287 -1.199259 1.605760
-3.689545 -1.107585 1.629325
-3.695870 -1.016473 1.651041
-3.704033 -0.925301 1.669424
-3.713620 -0.833734 1.680642
-3.723810 -0.742264 1.684867
-3.734288 -0.651103 1.687092
-3.744959 -0.559702 1.686071
-3.755248 -0.468047 1.681128
-3.765181 -0.376792 1.679390
-3.774994 -0.285177 1.678558
-3.784801 -0.194035 1.679031
-3.794702 -0.102998 1.681861
-3.804555 -0.013471 1.701571
-3.817253 0.071102 1.722331
-3.829395 0.154953 1.723887
-3.842235 0.235729 1.732753
-3.856314 0.322141 1.733880
-3.869492 0.408837 1.715477
-3.881086 0.494406 1.700479
-3.892611 0.586495 1.692040
-3.903172 0.677519 1.683575
-3.912620 0.764553 1.675834
-3.921115 0.847370 1.670641
-3.928848 0.926160 1.669165
-3.936475 1.003575 1.669782
-3.944612 1.086279 1.672032
-3.952806 1.165016 1.675515
-3.960739 1.239135 1.678533
-3.968176 1.308103 1.680240
-3.975294 1.372180 1.684275
-3.981926 1.431188 1.687020
-3.988275 1.484635 1.691526
-3.999612 1.578071 1.696035
-4.008974 1.655136 1.691137
-4.015097 1.708491 1.694320
-4.014733 1.742681 1.504592
-4.005148 1.814822 1.382857
-3.977757 1.909860 1.211283
-3.956414 1.959003 1.122690
-3.929370 2.010878 1.060864
-3.894248 2.069457 1.003514
-3.851031 2.131941 0.936249
-3.801412 2.194230 0.863123
-3.746400 2.253651 0.790193
-3.684426 2.312101 0.723107
-3.617824 2.367472 0.666664
-3.548227 2.419349 0.615191
-3.475772 2.467725 0.558999
-3.399608 2.511963 0.495202
-3.321878 2.550796 0.436296
-3.240157 2.586603 0.392660
-3.156128 2.619431 0.352758
-3.070319 2.648994 0.310465
-2.983577 2.674410 0.260161
-2.895153 2.695809 0.217587
-2.805436 2.713737 0.180992
-2.714602 2.728791 0.147515
-2.622393 2.740837 0.112138
-2.530895 2.749521 0.075577
-2.440393 2.754947 0.045282
-2.348830 2.757947 0.021954
-2.256419 2.759185 -0.000767
-2.164768 2.758726 -0.009078
-2.073198 2.757971 -0.008220
-1.981551 2.757323 -0.006577
-1.890026 2.756835 -0.005548
-1.798227 2.756488 -0.004542
-1.706490 2.756184 -0.004001
-1.614977 2.755857 -0.003626
-1.523152 2.755535 -0.003600
-1.431384 2.755257 -0.003527
-1.339920 2.755027 -0.003282
-1.248166 2.754816 -0.003177
-1.156405 2.754533 -0.003157
-1.064939 2.754269 -0.003100
-0.973028 2.754021 -0.003016
-0.881180 2.753820 -0.002686
-0.789584 2.753635 -0.002554
-0.697695 2.753412 -0.002398
-0.605843 2.753216 -0.002194
-0.514332 2.753047 -0.002193
-0.422597 2.752877 -0.002304
-0.330894 2.752645 -0.002524
-0.239555 2.752348 -0.002713
-0.147722 2.752034 -0.003969
-0.055581 2.751682 -0.004502
0.035964 2.751346 -0.003244
0.127838 2.751119 -0.001950
0.219680 2.750973 -0.001270
0.311254 2.750896 -0.000818
0.403357 2.750918 -0.000145
0.495023 2.750952 -0.001183
0.585835 2.750716 -0.009221
0.676304 2.748447 -0.034556
0.768007 2.745578 -0.032985
0.860297 2.741972 -0.049212
0.952947 2.736365 -0.074453
1.043706 2.728616 -0.092600
1.134723 2.719780 -0.101590
1.228420 2.709740 -0.111148
1.320184 2.699537 -0.111323
1.408778 2.690236 -0.098071
1.496982 2.682907 -0.073083
1.588370 2.676687 -0.062560
1.680839 2.672123 -0.035722
1.766515 2.670662 -0.000084
1.849370 2.672698 0.053699
1.934031 2.679217 0.099368
2.014926 2.689459 0.155500
2.092863 2.703822 0.209516
2.167692 2.722074 0.271796
2.241324 2.745297 0.343124
2.313417 2.774090 0.418260
2.383704 2.808156 0.482651
2.451696 2.846125 0.536012
2.520964 2.889708 0.578493
2.593305 2.938889 0.638610
2.661073 2.993212 0.716155
2.725616 3.053270 0.778386
2.789071 3.119554 0.834603
2.851578 3.192334 0.889522
2.910356 3.269002 0.948002
2.960981 3.344260 1.006822
3.007700 3.422492 1.057382
3.053555 3.507934 1.102160
3.097383 3.598910 1.144797
3.137186 3.691441 1.184666
3.172669 3.783887 1.223490
3.204687 3.877682 1.259361
3.233537 3.972872 1.298007
3.259220 4.069284 1.324156
3.282894 4.166215 1.339294
3.304749 4.262731 1.356628
3.325323 4.359845 1.367961
3.345459 4.457707 1.367543
3.365789 4.555556 1.364286
3.386452 4.653462 1.360842
3.407461 4.751292 1.357294
3.428804 4.848978 1.354196
3.450431 4.946589 1.351427
3.472297 5.044153 1.348712
3.494016 5.140543 1.355597
3.514901 5.237792 1.362267
3.535697 5.335509 1.360038
3.556796 5.433186 1.356093
3.578330 5.530961 1.351351
3.600336 5.628557 1.346194
3.622813 5.725935 1.341935
3.645678 5.823244 1.338133
3.668914 5.920540 1.334484
3.692486 6.017737 1.331165
3.716379 6.114788 1.328014
3.739988 6.209836 1.330504
3.759882 6.293382 1.351633
3.775950 6.373029 1.386413
3.789359 6.452010 1.416211
3.800421 6.530804 1.441261
3.809886 6.609874 1.462040
3.818143 6.691352 1.476098
3.825235 6.770889 1.486801
3.831568 6.849922 1.493163
3.837770 6.929177 1.491513
3.844522 7.009898 1.482349
3.852053 7.089391 1.470636
3.860369 7.166722 1.456048
3.870115 7.244151 1.435552
3.882085 7.323254 1.402250
3.896541 7.399633 1.365798
3.913131 7.472759 1.330983
3.931451 7.541524 1.294026
3.951232 7.606373 1.257208
3.971414 7.665017 1.218036
3.993151 7.720249 1.175422
4.015976 7.771480 1.129747
4.041446 7.821414 1.070244
4.067547 7.865819 1.010430
4.127703 7.948607 0.868448
4.192318 8.014706 0.728375
4.247089 8.057441 0.603050
4.279797 8.077288 0.423613
4.276613 8.076692 0.180301
4.271796 8.076269 0.004636
4.264554 8.076768 -0.181085
4.259960 8.078467 -0.408717
4.253818 8.082161 -0.629958
4.249192 8.086445 -0.819847
4.242053 8.096783 -1.057944
EOP
