4.162882 7.803485 1.544299
4.164549 7.802064 1.722149
4.165883 7.797567 1.915219
4.168518 7.792235 2.114829
4.171697 7.788109 2.314491
4.177219 7.783516 2.533188
4.181431 7.781466 2.738434
4.188849 7.779152 2.937845
4.181813 7.779713 3.119752
4.171321 7.779429 -3.065915
4.139644 7.773666 -2.877715
4.087628 7.753417 -2.671369
4.018698 7.707607 -2.445835
3.981814 7.673213 -2.338420
3.943043 7.629096 -2.248338
3.902957 7.574776 -2.162483
3.864902 7.512406 -2.070792
3.828841 7.437895 -1.971574
3.797895 7.353044 -1.868851
3.774180 7.259429 -1.769192
3.759405 7.162179 -1.678482
3.751706 7.061185 -1.618141
3.749212 6.960711 -1.575237
3.750417 6.861283 -1.541660
3.754478 6.762313 -1.513384
3.761339 6.662701 -1.490254
3.770068 6.562855 -1.478687
3.779498 6.463292 -1.475754
3.788967 6.363752 -1.476891
3.798269 6.264235 -1.478516
3.805522 6.184706 -1.483641
3.815008 6.065322 -1.498173
3.821914 5.965551 -1.505021
3.828389 5.865710 -1.506299
3.833563 5.785831 -1.505408
3.841492 5.666026 -1.503729
3.848283 5.566275 -1.502260
3.855230 5.466541 -1.500970
3.862269 5.366759 -1.499780
3.869385 5.266959 -1.499075
3.876369 5.167165 -1.504820
3.882685 5.067256 -1.510073
3.888674 4.967395 -1.510871
3.894711 4.867521 -1.509044
3.900984 4.767743 -1.506882
3.907506 4.668111 -1.504519
3.914226 4.568393 -1.503203
3.921067 4.468662 -1.500779
3.928129 4.368929 -1.500132
3.935200 4.269176 -1.499385
3.942458 4.169519 -1.496976
3.949943 4.069862 -1.495186
3.957486 3.970205 -1.495179
3.965040 3.870493 -1.494865
3.972499 3.770856 -1.499665
3.979543 3.671079 -1.497959
3.987117 3.571300 -1.492584
3.995067 3.471548 -1.490345
4.003162 3.371876 -1.489484
4.011298 3.272161 -1.490442
4.019324 3.172449 -1.488930
4.027598 3.072750 -1.487210
4.036053 2.973088 -1.484078
4.044971 2.873530 -1.479690
4.054250 2.773962 -1.476411
4.063757 2.674399 -1.474921
4.073350 2.574864 -1.474423
4.082995 2.475338 -1.474358
4.090673 2.395715 -1.475893
4.101834 2.276304 -1.478195
4.109214 2.196684 -1.478058
4.120438 2.077240 -1.474987
4.130254 1.977881 -1.470679
4.140389 1.878367 -1.468764
4.150563 1.778828 -1.468639
4.160735 1.679336 -1.469538
4.170745 1.579743 -1.472996
4.180190 1.480118 -1.481311
4.188502 1.380623 -1.494406
4.195312 1.281618 -1.509955
4.200811 1.184648 -1.513264
4.206087 1.097432 -1.507819
4.211187 1.020572 -1.501328
4.215992 0.954347 -1.495037
4.220370 0.898402 -1.489380
4.227299 0.818220 -1.479282
4.221692 0.847389 -1.682444
4.206215 0.790388 -1.918145
4.180198 0.735361 -2.071394
4.138796 0.674287 -2.229530
4.086405 0.613618 -2.331078
4.024781 0.553457 -2.401662
3.953009 0.499284 -2.602149
3.903736 0.473081 -2.702860
3.843745 0.448259 -2.793950
3.775447 0.427138 -2.886522
3.695495 0.409797 -2.969232
3.607428 0.398632 -3.061810
3.510063 0.395082 3.133184
3.412403 0.400303 3.042916
3.315608 0.413908 2.970939
3.218182 0.433580 2.918503
3.121292 0.457049 2.893571
3.025233 0.481657 2.892434
2.927821 0.505703 2.909626
2.830182 0.527739 2.929819
2.732531 0.547946 2.943286
2.634494 0.567082 2.954287
2.535988 0.585202 2.965630
2.437286 0.602167 2.978541
2.339351 0.617433 2.999456
2.241069 0.630234 3.021637
2.142067 0.641548 3.033188
2.042931 0.652082 3.036528
1.943860 0.662703 3.030880
1.844835 0.673964 3.026960
1.745883 0.685553 3.019382
1.647024 0.698421 3.003887
1.548313 0.712965 2.986102
1.449870 0.729204 2.972486
1.351272 0.746455 2.963662
1.253027 0.764548 2.956302
1.154894 0.783195 2.952746
1.057210 0.802005 2.951842
0.959162 0.820561 2.956815
0.860855 0.838789 2.959100
0.762499 0.856915 2.960135
0.664199 0.874987 2.958779
0.565895 0.893241 2.957241
0.467627 0.911589 2.956865
0.369354 0.929970 2.957161
0.271018 0.948250 2.959545
0.172717 0.966086 2.965173
0.074353 0.983167 2.974359
-0.023693 0.999349 2.983357
-0.119401 1.013929 2.996335
-0.207113 1.025899 3.013273
-0.285652 1.035650 3.022680
-0.354017 1.043464 3.032671
-0.412251 1.049601 3.041100
-0.498011 1.057551 3.060271
-0.548365 1.061225 3.089391
EOP
