-3.882795 -5.884545 -0.220568
-4.039142 -5.873835 -0.221806
-3.959777 -5.890617 -0.224825
-3.889342 -5.907013 -0.203979
-3.795035 -5.916764 -0.170159
-3.741580 -5.926705 -0.146093
-3.689546 -5.933971 -0.120977
-3.637913 -5.941772 -0.096252
-3.585349 -5.942305 -0.071461
-3.530992 -5.947099 -0.047103
-3.474099 -5.948394 -0.027826
-3.412911 -5.949221 -0.020684
-3.361669 -5.949245 -0.019406
-3.294054 -5.949549 -0.020515
-3.221675 -5.950078 -0.021163
-3.364633 -5.922469 -0.000807
-3.298993 -5.923065 0.003056
-3.230686 -5.924088 0.010712
-3.174625 -5.926791 0.009197
-3.122318 -5.931040 0.007583
-3.062472 -5.933682 0.008778
-2.997545 -5.933037 0.006191
-2.942927 -5.933913 0.006971
-2.873307 -5.936982 0.006908
-2.801545 -5.938065 0.006179
-2.714879 -5.921638 0.005837
-2.647770 -5.920944 0.006781
-2.571628 -5.919656 0.004169
-2.499516 -5.917524 0.006301
-2.425705 -5.921876 0.016712
-2.349708 -5.921891 0.021597
-2.273399 -5.923190 0.020293
-2.200023 -5.925638 0.019094
-2.117955 -5.927353 0.017671
-2.031928 -5.922338 0.013331
-2.214964 -5.893983 0.009809
-2.145184 -5.896389 0.010481
-2.075816 -5.895464 0.008745
-1.920771 -5.928369 0.014969
-1.744262 -5.897670 0.002633
-2.026509 -5.902715 0.002612
-1.882841 -5.900795 0.003746
-2.066197 -5.912281 0.005559
-1.987044 -5.907045 0.006764
EOP
