-3.451381 -6.021030 0.071862
-3.317783 -6.019020 0.068985
-3.249131 -6.014172 0.068911
-3.147628 -6.004704 0.066842
-3.088543 -6.000923 0.064638
-3.030509 -5.997018 0.064147
-2.979376 -5.995991 0.064414
-2.923060 -5.995736 0.065514
-2.868223 -5.994937 0.066829
-3.011195 -6.036738 0.082622
-2.956384 -6.033130 0.081446
-2.901128 -6.028249 0.080129
-2.839185 -6.024434 0.078439
-2.774101 -6.023184 0.081857
-2.710751 -6.019710 0.079488
-2.644088 -6.015032 0.079221
-2.575070 -6.014956 0.079983
-2.506883 -6.012146 0.080814
-2.441474 -6.007417 0.079311
-2.215396 -5.961081 0.058881
-2.149479 -5.954990 0.054123
-2.080504 -5.948790 0.053723
-2.008941 -5.946233 0.054498
-1.938542 -5.944407 0.053335
-1.863698 -5.939333 0.055351
-1.784514 -5.939692 0.050096
-1.707705 -5.936816 0.048685
-1.627301 -5.932925 0.048037
-1.546226 -5.926089 0.044679
-1.383960 -5.925826 0.043009
-1.303559 -5.926518 0.040497
-1.226356 -5.921573 0.041668
-1.148197 -5.918210 0.042715
-1.068267 -5.921059 0.040201
-0.990482 -5.919938 0.041371
-0.913144 -5.923823 0.041157
-0.835326 -5.923150 0.042263
-0.753143 -5.922762 0.042480
-0.672390 -5.919151 0.037446
-0.551438 -5.896659 0.026722
-0.472951 -5.900523 0.027049
-0.392265 -5.903534 0.024194
-0.313570 -5.904897 0.024289
-0.237598 -5.900092 0.024498
-0.163513 -5.899582 0.023066
-0.082150 -5.898278 0.024110
-0.000022 -5.897174 0.024856
0.085061 -5.893873 0.022818
0.225567 -5.893944 0.037130
0.318220 -5.891456 0.035161
0.410624 -5.893740 0.035388
0.505845 -5.890992 0.036865
0.600960 -5.887992 0.033302
0.705259 -5.886641 0.033369
0.803037 -5.889860 0.031669
0.905373 -5.889818 0.028688
1.010572 -5.888080 0.030036
1.116119 -5.888905 0.029118
1.223080 -5.888830 0.027552
1.414170 -5.842008 0.016122
1.517662 -5.843782 0.015320
1.618721 -5.848418 0.015737
1.719314 -5.847997 0.013063
1.823456 -5.844106 0.009796
1.927327 -5.848776 0.010120
2.034532 -5.847694 0.005784
2.142457 -5.852063 0.009653
2.247364 -5.858336 0.009590
2.355316 -5.862593 0.005929
2.477482 -5.818108 0.005463
2.579672 -5.816937 0.005699
2.684285 -5.816224 0.001530
2.789573 -5.821605 0.007151
2.895081 -5.831795 0.007474
3.004327 -5.833311 0.003000
3.105919 -5.841275 0.000799
3.214084 -5.843621 -0.000087
3.326433 -5.849040 -0.002779
3.436594 -5.858937 0.003547
3.589791 -5.787191 -0.001082
3.692817 -5.790152 -0.000331
3.796074 -5.798116 -0.002682
3.901543 -5.810697 0.001007
4.005325 -5.815401 0.000043
4.111398 -5.819658 -0.005016
4.217534 -5.828691 -0.005030
4.319591 -5.836562 -0.005464
4.423931 -5.844953 -0.005896
4.529463 -5.848565 -0.007878
4.580982 -5.802491 -0.000808
4.687510 -5.814517 0.001254
4.793370 -5.822906 0.000079
4.900426 -5.830230 0.007332
5.008546 -5.836428 0.025533
5.117226 -5.836672 0.034803
5.225324 -5.842012 0.054013
5.328350 -5.849794 0.057532
5.429893 -5.849762 0.049557
5.531119 -5.850278 0.048446
5.662421 -5.783727 0.049948
5.767972 -5.788156 0.046174
5.877092 -5.792930 0.048897
5.983280 -5.795414 0.048179
6.091624 -5.795229 0.044550
6.197473 -5.802536 0.044189
6.297841 -5.810100 0.044183
6.402212 -5.814376 0.045391
6.504617 -5.817947 0.041326
6.607429 -5.829189 0.043282
6.643108 -5.774347 0.024416
6.722434 -5.760263 0.015226
6.825093 -5.768038 0.013920
6.930482 -5.775579 0.015041
7.037701 -5.786217 0.012851
7.145733 -5.795264 0.012960
7.259902 -5.803990 0.013247
7.374082 -5.810681 0.010804
7.488231 -5.818467 0.011435
7.603653 -5.824447 0.008656
7.717005 -5.835788 0.009556
7.901071 -5.883384 -0.013897
8.011841 -5.887485 -0.011917
8.121004 -5.896624 -0.013166
8.217542 -5.900907 -0.016851
8.331808 -5.907255 -0.015756
8.442955 -5.909450 -0.018116
8.551313 -5.909287 -0.020627
8.666333 -5.914319 -0.019790
8.781382 -5.922248 -0.022362
8.894145 -5.928348 -0.013625
8.337215 -5.980154 -0.287074
8.444690 -6.013128 -0.289138
8.550148 -6.046226 -0.293243
8.652219 -6.079887 -0.292320
8.755901 -6.108793 -0.294793
8.860396 -6.138150 -0.297928
8.964802 -6.169312 -0.298068
9.067633 -6.204017 -0.297614
9.169484 -6.230542 -0.300355
9.270771 -6.267546 -0.301399
7.738775 -5.926516 -0.603767
7.824975 -5.990426 -0.604602
7.908557 -6.052960 -0.604375
7.989418 -6.111005 -0.607873
8.072071 -6.170728 -0.605671
8.136561 -6.221649 -0.607831
8.182545 -6.252000 -0.608976
8.233395 -6.279061 -0.609420
6.503327 -5.302904 -1.560115
5.124541 -5.296269 -1.557937
2.844180 -5.289843 -1.556737
0.065088 -5.294688 -1.564890
-1.908847 -5.308372 -1.592474
-1.827712 -5.283400 -1.617819
-1.950465 -5.287782 -1.589330
-5.035654 -5.207254 -1.600379
-5.245513 -5.185459 -1.557144
EOP
