-3.444298 -6.359020 -2.772060
-3.279195 -6.364323 -2.861530
-3.191278 -6.367378 -2.849617
-3.135596 -6.372155 -2.842616
-3.061481 -6.379340 -2.856770
-2.994590 -6.380559 -2.848548
-2.926322 -6.385700 -2.812275
-2.866990 -6.393801 -2.829521
-2.803818 -6.392276 -2.790427
-2.747432 -6.396015 -2.804451
-2.696193 -6.399289 -2.791437
-2.639024 -6.404829 -2.823540
-2.536566 -6.405311 -2.819310
-2.479711 -6.409504 -2.823254
-2.411129 -6.426616 -2.794413
-2.305981 -6.434546 -2.761720
-2.249840 -6.438066 -2.758449
-2.197537 -6.440458 -2.756645
-2.144215 -6.441147 -2.757534
-2.089668 -6.433805 -2.731042
-2.036998 -6.429742 -2.724859
-1.979510 -6.431561 -2.741891
-1.923287 -6.434544 -2.742534
-1.826633 -6.454581 -2.847673
-1.770793 -6.458611 -2.856461
-1.712419 -6.455864 -2.834517
-1.657188 -6.454305 -2.832249
-1.600357 -6.455073 -2.837912
-1.539978 -6.456724 -2.850029
-1.480194 -6.457531 -2.852743
-1.424157 -6.455703 -2.831572
-1.369443 -6.456461 -2.822083
-1.316943 -6.457064 -2.685004
-1.241661 -6.461879 -2.701191
-1.171407 -6.457879 -2.682696
-1.098395 -6.467609 -2.713456
-1.029534 -6.471586 -2.707866
-0.958013 -6.464442 -2.688625
-0.885547 -6.465833 -2.701339
-0.814583 -6.461847 -2.676812
-0.738722 -6.458630 -2.683271
-0.673951 -6.448107 -2.650039
-0.871748 -6.478994 -2.865193
-0.801075 -6.471242 -2.857503
-0.729875 -6.461645 -2.834651
-0.654733 -6.462112 -2.849462
-0.584210 -6.457530 -2.858011
-0.508327 -6.460511 -2.878745
-0.434581 -6.460591 -2.879700
-0.362412 -6.452505 -2.859701
-0.291715 -6.454197 -2.870006
-0.219824 -6.444009 -2.844818
-0.056529 -6.442277 -2.872973
0.068117 -6.429782 -2.837540
0.140717 -6.434576 -2.861360
0.217136 -6.429382 -2.862744
0.285150 -6.427332 -2.855206
0.358657 -6.430689 -2.875000
0.433129 -6.425136 -2.868526
0.510508 -6.419041 -2.850869
0.587993 -6.413916 -2.848942
0.665983 -6.410438 -2.848618
0.788051 -6.397736 -2.763284
0.933884 -6.381851 -2.654316
1.007703 -6.377482 -2.638152
1.087148 -6.382926 -2.701735
1.159726 -6.378796 -2.697895
1.233978 -6.376634 -2.705426
1.308581 -6.368092 -2.676154
1.384326 -6.362089 -2.657662
1.457629 -6.362699 -2.670588
1.540655 -6.359895 -2.681895
1.614721 -6.357125 -2.686867
1.708896 -6.345948 -2.810587
1.786240 -6.338129 -2.806176
1.853815 -6.330592 -2.798105
1.929693 -6.321792 -2.800087
2.000235 -6.316388 -2.785635
2.071209 -6.310280 -2.770419
2.152515 -6.305930 -2.765543
2.231209 -6.305370 -2.772872
2.311110 -6.300145 -2.770552
2.393995 -6.297935 -2.794882
2.499037 -6.312434 -2.834952
2.581678 -6.318710 -2.866334
2.660115 -6.326637 -2.919303
2.733325 -6.326530 -2.904997
2.809780 -6.326511 -2.903806
2.884517 -6.327512 -2.916197
2.961290 -6.323386 -2.898716
3.037543 -6.324222 -2.906927
3.115732 -6.324070 -2.908604
3.226241 -6.302821 -2.683439
3.300207 -6.305165 -2.689939
3.379326 -6.308027 -2.708705
3.457756 -6.314258 -2.739467
3.547679 -6.310408 -2.738317
3.625808 -6.307298 -2.714514
3.705716 -6.307511 -2.709270
3.787194 -6.312954 -2.752037
3.858805 -6.309420 -2.726207
3.936014 -6.307396 -2.716755
3.999306 -6.327207 -2.844529
4.078274 -6.328734 -2.846646
4.156042 -6.330970 -2.852450
4.234355 -6.331800 -2.847389
4.310729 -6.336465 -2.854087
4.391097 -6.337612 -2.863289
4.466319 -6.344701 -2.881663
4.544636 -6.347080 -2.890834
4.627536 -6.349239 -2.879663
4.706740 -6.362451 -2.925397
4.755456 -6.352559 -2.696347
4.834459 -6.353415 -2.682499
4.912841 -6.359186 -2.698674
4.995092 -6.355054 -2.687949
5.075723 -6.361023 -2.696470
5.157724 -6.364269 -2.688299
5.240802 -6.367655 -2.670307
5.319877 -6.370824 -2.668046
5.398515 -6.376171 -2.669028
5.472846 -6.375271 -2.664103
5.519542 -6.396270 -2.695330
5.598572 -6.397052 -2.694003
5.675456 -6.400879 -2.693097
5.755278 -6.397054 -2.662538
5.834681 -6.399813 -2.673972
5.914079 -6.398943 -2.674633
5.993747 -6.399778 -2.680975
6.073782 -6.402513 -2.692110
6.152950 -6.402877 -2.681552
6.226008 -6.404392 -2.674904
6.286648 -6.409302 -2.692197
6.343880 -6.405042 -2.781329
6.398283 -6.411365 -2.780568
6.445280 -6.393013 -2.721467
6.490288 -6.414869 -2.846411
6.434860 -6.434545 -2.948119
6.441537 -6.495720 3.140738
6.424973 -6.566216 2.904927
6.405585 -6.614288 2.720743
6.425751 -6.634318 3.140500
6.384024 -6.728974 2.787154
6.344946 -6.778984 2.554213
6.303172 -6.817477 2.343481
6.254536 -6.849363 2.136878
6.197990 -6.872484 1.890858
6.142775 -6.880777 1.668155
6.082032 -6.878800 1.439740
6.027247 -6.862815 1.225997
6.192690 -6.818391 1.400821
6.127617 -6.783272 1.143233
6.079503 -6.730027 0.877009
6.030743 -6.656403 0.582067
6.013537 -6.582765 0.341300
5.975608 -6.498708 -0.122832
5.899470 -6.500346 -0.172507
5.833677 -6.516030 -0.182369
5.755766 -6.520830 -0.225246
5.700066 -6.520528 -0.260719
5.633918 -6.522934 -0.234999
5.434531 -6.537214 -0.200326
5.359261 -6.543747 -0.218525
5.290785 -6.553974 -0.229624
5.204617 -6.565095 -0.230135
5.150724 -6.569896 -0.217212
5.057562 -6.573308 -0.251798
4.976693 -6.583426 -0.137985
4.875167 -6.579465 -0.145383
4.785124 -6.578307 -0.164448
4.732968 -6.583981 -0.145660
4.626399 -6.585301 -0.164690
4.573716 -6.586665 -0.169120
4.501014 -6.605126 -0.133603
4.439229 -6.605023 -0.135567
4.385555 -6.601321 -0.158695
4.324627 -6.600658 -0.157163
4.273269 -6.607193 -0.134679
4.216277 -6.606126 -0.142195
4.161882 -6.604211 -0.153608
4.095726 -6.597993 -0.164738
4.032455 -6.596213 -0.143423
3.971889 -6.590053 -0.157504
3.913211 -6.591003 -0.153196
3.851258 -6.594536 -0.141924
3.800067 -6.592813 -0.139721
3.731008 -6.597175 -0.125016
3.671161 -6.587182 -0.171588
3.607034 -6.591445 -0.148264
3.543793 -6.592807 -0.146459
3.482568 -6.594119 -0.151413
3.607402 -6.607708 -0.213947
3.554691 -6.611410 -0.201366
3.492776 -6.611177 -0.211110
3.433189 -6.613564 -0.212040
3.367586 -6.614044 -0.224730
3.296867 -6.621530 -0.179053
3.236778 -6.618116 -0.198466
3.184552 -6.612386 -0.227959
3.126750 -6.615318 -0.203548
3.052984 -6.630577 -0.144148
2.967577 -6.649835 -0.133903
2.905064 -6.649162 -0.149695
2.837521 -6.649954 -0.148998
2.771973 -6.648210 -0.154589
2.706079 -6.645573 -0.163474
2.637403 -6.643143 -0.166902
2.558964 -6.645797 -0.155837
2.496186 -6.644992 -0.185192
2.432960 -6.649911 -0.181130
2.018873 -6.655484 -0.233662
1.953115 -6.657505 -0.244808
1.885803 -6.662564 -0.238286
1.819258 -6.660758 -0.243008
1.743959 -6.658832 -0.247071
1.668255 -6.661892 -0.232257
1.593463 -6.664528 -0.229633
1.517116 -6.677297 -0.200222
1.444329 -6.679835 -0.201274
1.370210 -6.682499 -0.199369
1.282027 -6.674587 -0.227995
1.205169 -6.672914 -0.238711
1.136975 -6.668153 -0.258497
1.071411 -6.661870 -0.270390
1.000802 -6.663749 -0.265773
0.929134 -6.668620 -0.259631
0.855675 -6.675950 -0.259435
0.789847 -6.690205 -0.211018
0.713530 -6.702358 -0.184117
0.646410 -6.705723 -0.180550
0.557046 -6.736310 -0.101993
0.486798 -6.722272 -0.168113
0.417602 -6.719420 -0.168358
0.346899 -6.713789 -0.196423
0.269900 -6.709774 -0.213442
0.203614 -6.696165 -0.251703
0.131949 -6.690129 -0.257020
0.060766 -6.677297 -0.282003
-0.023999 -6.676068 -0.252749
-0.106284 -6.664455 -0.278569
-0.184282 -6.655925 -0.351391
-0.260215 -6.645465 -0.370994
-0.342390 -6.647256 -0.342054
-0.420426 -6.640717 -0.340940
-0.496548 -6.632501 -0.347908
-0.559389 -6.630503 -0.349964
-0.619867 -6.629546 -0.334086
-0.690747 -6.626894 -0.321552
-0.758987 -6.624519 -0.312173
-0.843798 -6.619676 -0.305608
-0.973012 -6.625626 -0.176494
-1.056616 -6.617801 -0.195109
-1.139650 -6.615392 -0.184071
-1.218334 -6.621571 -0.155384
-1.285597 -6.620882 -0.138339
-1.365386 -6.611900 -0.150665
-1.439398 -6.607085 -0.153140
-1.513240 -6.608411 -0.142705
-1.584515 -6.610760 -0.150780
-1.650902 -6.619094 -0.122139
-1.532217 -6.614704 -0.333496
-1.611613 -6.615555 -0.326013
-1.684907 -6.607972 -0.337859
-1.759877 -6.613392 -0.298924
-1.834207 -6.615454 -0.282768
-1.912145 -6.621803 -0.257695
-1.995772 -6.627617 -0.231115
-2.074298 -6.618867 -0.273029
-2.149571 -6.615631 -0.294535
-2.227189 -6.613981 -0.287698
-2.105422 -6.608285 -0.232517
-2.180732 -6.600237 -0.263084
-2.254282 -6.603530 -0.237589
-2.330182 -6.599270 -0.249070
-2.399642 -6.593351 -0.269122
-2.479638 -6.595871 -0.240950
-2.548489 -6.590753 -0.251808
-2.618283 -6.589053 -0.259080
-2.697337 -6.591594 -0.244158
-2.781858 -6.589330 -0.249807
-2.895560 -6.591254 -0.314422
-3.007885 -6.595218 -0.403286
-2.918720 -6.602091 -0.417950
-2.962977 -6.597568 -0.239611
-3.076760 -6.594638 -0.223964
-3.021977 -6.609583 -0.122430
-2.966226 -6.614775 -0.300050
-3.022103 -6.617008 -0.200365
EOP
