-1.073001 -0.130012 0.325986
-1.020983 -0.111239 0.430510
-0.940931 -0.069612 0.519653
-0.889796 -0.038572 0.569739
-0.830767 0.001782 0.627753
-0.765889 0.051869 0.686131
-0.695491 0.112306 0.712123
-0.622856 0.175185 0.710495
-0.549971 0.236711 0.679195
-0.470776 0.297366 0.614780
-0.389464 0.351526 0.563631
-0.308145 0.401671 0.545068
-0.223801 0.451553 0.514042
-0.138750 0.498887 0.507185
-0.054594 0.545213 0.484137
0.033290 0.590585 0.471070
0.119337 0.634920 0.459013
0.206748 0.678334 0.457619
0.295652 0.721240 0.438810
0.384174 0.762853 0.442460
0.472514 0.805480 0.455436
0.558103 0.848579 0.470499
0.647341 0.893419 0.459277
0.734274 0.937021 0.470109
0.821959 0.981763 0.471788
0.909412 1.026247 0.466114
0.999365 1.070656 0.446158
1.088131 1.112497 0.438250
1.178565 1.154195 0.425081
1.268206 1.194447 0.422729
1.357422 1.234747 0.423405
1.446785 1.274539 0.413331
1.537572 1.312760 0.379968
1.628884 1.347686 0.356180
1.723007 1.381610 0.333078
1.815735 1.412870 0.325600
1.910276 1.444243 0.312366
2.003890 1.474030 0.314181
2.097768 1.504938 0.319952
2.191746 1.536097 0.322345
2.286480 1.567918 0.323793
2.381240 1.599635 0.321140
2.476102 1.630908 0.317093
2.571153 1.662078 0.316138
2.666189 1.693181 0.315919
2.761270 1.724288 0.317000
2.856271 1.755564 0.319413
2.951144 1.787090 0.321736
3.045935 1.818819 0.323385
3.140642 1.850654 0.324253
3.235362 1.882446 0.322966
3.330153 1.913970 0.318406
3.425397 1.945020 0.310160
3.521056 1.975134 0.298123
3.615178 2.003489 0.294874
3.709493 2.031333 0.277754
3.803280 2.056806 0.257640
3.888348 2.077946 0.233886
3.967520 2.096661 0.229534
4.036329 2.112580 0.225192
4.094970 2.125878 0.220634
4.182010 2.145014 0.211706
4.235962 2.156522 0.198758
4.304981 2.183116 0.452447
4.372033 2.221886 0.606740
4.450426 2.284611 0.756666
4.491928 2.326103 0.832809
4.530690 2.371370 0.909937
4.565759 2.418662 0.960201
4.603302 2.474685 1.003171
4.642606 2.541410 1.088614
4.677189 2.613635 1.155469
4.710841 2.697071 1.231614
4.739113 2.787045 1.303105
4.761585 2.886980 1.401968
4.774347 2.985143 1.484618
4.779361 3.080900 1.554546
4.777919 3.177885 1.617603
4.771613 3.273861 1.647119
4.763071 3.372973 1.666641
4.752834 3.472052 1.680733
4.741342 3.571113 1.690477
4.729706 3.668939 1.686840
4.718172 3.767760 1.689821
4.706087 3.867017 1.693381
4.693730 3.966185 1.695555
4.681291 4.065384 1.694325
4.668964 4.164677 1.695652
4.656958 4.263137 1.688143
4.645469 4.362254 1.684934
4.633998 4.461579 1.686601
4.622338 4.560922 1.688472
4.610571 4.660247 1.689305
4.598639 4.759252 1.693463
4.586364 4.858208 1.692922
4.574184 4.957415 1.692798
4.562030 5.056627 1.692951
4.549814 5.155858 1.693852
4.537771 5.255020 1.688636
4.526101 5.354324 1.687191
4.514455 5.453652 1.688343
4.502658 5.553029 1.690160
4.490628 5.652315 1.692510
4.478343 5.751536 1.694790
4.465770 5.850764 1.699338
4.452887 5.950006 1.700256
4.439915 6.049119 1.701803
4.426681 6.147402 1.712769
4.411319 6.245829 1.738985
4.393553 6.344319 1.758402
4.374348 6.442390 1.769079
4.354312 6.540337 1.775384
4.333828 6.638186 1.777884
4.313304 6.736079 1.776500
4.293118 6.833911 1.772205
4.273402 6.931947 1.765778
4.254350 7.030001 1.756682
4.236720 7.128493 1.737376
4.221132 7.226787 1.718636
4.207339 7.325490 1.700507
4.195310 7.425062 1.679551
4.185568 7.525015 1.653743
4.178780 7.624347 1.625029
4.174889 7.723544 1.594866
4.173406 7.818716 1.576804
4.173780 7.907138 1.559775
4.175085 7.985487 1.547663
4.177084 8.052727 1.535975
4.179433 8.109690 1.524677
4.184228 8.191960 1.501529
4.169639 8.109434 1.413759
4.154673 8.019907 1.394990
4.145233 7.969334 1.374402
EOP
