3.179721 1.956772 0.257051
3.234465 1.976826 0.325431
3.320343 2.008267 0.372017
3.377708 2.031349 0.393223
3.443852 2.059570 0.411987
3.519042 2.093299 0.430643
3.602714 2.132881 0.446111
3.693150 2.175346 0.428188
3.780957 2.214919 0.406574
3.871334 2.253401 0.395550
3.964171 2.291152 0.375220
4.056344 2.327777 0.381631
4.148810 2.365633 0.395218
4.240935 2.404033 0.393927
4.333328 2.441859 0.382184
4.426702 2.478260 0.359121
4.520701 2.511866 0.327577
4.615182 2.542604 0.301794
4.711002 2.571263 0.279229
4.808001 2.597760 0.252550
4.905311 2.621538 0.224554
5.002502 2.642527 0.201135
5.100366 2.661521 0.182889
5.199102 2.679030 0.167091
5.298136 2.695052 0.152607
5.396922 2.709685 0.142140
5.495801 2.723392 0.133947
5.595033 2.736412 0.126367
5.694542 2.748661 0.117883
5.793912 2.758916 0.086839
5.893095 2.766712 0.071560
5.992544 2.773429 0.064636
6.092521 2.779708 0.060115
6.192384 2.785488 0.054994
6.292232 2.790976 0.055474
6.391955 2.796278 0.051232
6.492127 2.800284 0.026932
6.591830 2.802744 0.024456
6.691716 2.805020 0.021168
6.791269 2.806497 0.008445
6.891039 2.806412 -0.010643
6.990793 2.805373 -0.008604
7.090850 2.804119 -0.017191
7.190849 2.802440 -0.016113
7.291286 2.801858 0.007688
7.390573 2.803948 0.034202
7.489576 2.808974 0.067278
7.589818 2.818149 0.115708
7.690084 2.832435 0.168952
7.787803 2.851650 0.221000
7.883492 2.875806 0.273604
7.978661 2.905554 0.333965
8.073343 2.941786 0.398515
8.164272 2.983405 0.459638
8.246536 3.027150 0.520326
8.316934 3.070949 0.595049
8.385583 3.121422 0.671843
8.448351 3.175276 0.739939
8.500514 3.225884 0.798172
8.542653 3.271721 0.855832
8.576140 3.312916 0.920696
8.617635 3.375365 1.055917
8.644237 3.432038 1.204399
8.660671 3.496593 1.424276
8.664285 3.559401 1.599212
8.661225 3.614147 1.669695
8.655088 3.665867 1.716070
8.644491 3.724931 1.778702
8.620782 3.823297 1.833131
8.602821 3.886965 1.859154
8.582708 3.954285 1.851767
8.564275 4.029133 1.755833
8.552193 4.104986 1.702467
8.542696 4.190175 1.659830
8.535898 4.287007 1.622155
8.532349 4.387408 1.588191
8.531986 4.487626 1.557994
8.533419 4.587459 1.563516
8.532447 4.687812 1.596509
8.528682 4.787541 1.620751
8.522740 4.886975 1.640480
8.515170 4.986632 1.652916
8.506869 5.086273 1.655608
8.498582 5.185897 1.652030
8.490756 5.285789 1.644121
8.484172 5.385540 1.627986
8.479413 5.485052 1.608878
8.476726 5.584824 1.586588
8.476089 5.685193 1.563300
8.478227 5.785653 1.531171
8.484492 5.884765 1.483963
8.495422 5.982985 1.435502
8.511395 6.082189 1.384199
8.533097 6.181374 1.323649
8.558262 6.271821 1.265269
8.586290 6.353527 1.212060
8.614691 6.424015 1.158769
8.643107 6.484932 1.101362
8.670304 6.535652 1.048730
8.714275 6.605172 0.949165
8.735244 6.634020 0.763904
8.677122 6.582514 0.752284
8.621867 6.530432 0.755741
8.582653 6.489809 0.861723
8.612111 6.531338 0.866640
8.608909 6.529871 0.675096
8.607170 6.529485 0.460206
8.601627 6.527744 0.248436
8.628340 6.531270 -0.002462
8.661791 6.527527 -0.200413
8.714323 6.510656 -0.409585
8.785888 6.468325 -0.645285
8.826092 6.433977 -0.760313
8.868775 6.388868 -0.856825
8.912121 6.334029 -0.944969
8.954077 6.270058 -1.038009
8.993657 6.194445 -1.138253
9.028194 6.107766 -1.242490
9.055073 6.014105 -1.336985
9.073955 5.917311 -1.420160
9.085895 5.816605 -1.485180
9.092225 5.716237 -1.530197
9.094647 5.616771 -1.564253
9.093894 5.517259 -1.593771
9.090580 5.417183 -1.614685
9.085617 5.317094 -1.626493
9.080402 5.217248 -1.617598
9.076896 5.116640 -1.591640
9.075895 5.016648 -1.568700
9.076723 4.916943 -1.556155
9.078296 4.816919 -1.553790
9.079900 4.716915 -1.555107
9.081359 4.616936 -1.556822
9.082719 4.516912 -1.557509
9.084018 4.416874 -1.558170
9.085240 4.316861 -1.558808
9.086351 4.216877 -1.560623
9.087438 4.116878 -1.558807
9.088594 4.016803 -1.560596
9.089545 3.916788 -1.561873
9.090384 3.816785 -1.562810
9.091131 3.716775 -1.563635
9.091857 3.616744 -1.563857
9.092555 3.516729 -1.563761
9.093225 3.416704 -1.564286
9.093858 3.316681 -1.564329
9.094539 3.216669 -1.563765
9.095259 3.116639 -1.563764
9.095957 3.016619 -1.563747
9.096651 2.916586 -1.563784
9.097328 2.816581 -1.564426
9.097973 2.716545 -1.564767
9.098520 2.616515 -1.565915
9.098993 2.516490 -1.565980
9.099476 2.416465 -1.565808
9.099972 2.316432 -1.566390
9.100440 2.216403 -1.565932
9.100942 2.116378 -1.565444
9.101391 2.016395 -1.567458
9.101758 1.916380 -1.566774
9.102216 1.816377 -1.566028
9.102679 1.716355 -1.566263
9.103130 1.616314 -1.566054
9.103569 1.516299 -1.566542
9.103997 1.416272 -1.566954
9.104369 1.316238 -1.567357
9.104684 1.216215 -1.567813
9.104948 1.116195 -1.568324
9.105197 1.016181 -1.568154
9.105497 0.916156 -1.567729
9.105800 0.816129 -1.567480
9.106119 0.716101 -1.567291
9.106538 0.616085 -1.565242
9.107085 0.516044 -1.565880
9.107587 0.416017 -1.565537
9.108091 0.316001 -1.565783
9.108564 0.215976 -1.566307
9.109015 0.115947 -1.566694
9.109442 0.015922 -1.566544
9.109855 -0.084104 -1.566622
9.110255 -0.184128 -1.566592
9.110712 -0.284138 -1.565484
9.111277 -0.384151 -1.565087
9.111850 -0.484178 -1.564983
9.112424 -0.584206 -1.565007
9.112858 -0.684203 -1.568694
9.113141 -0.784209 -1.567516
9.113531 -0.884216 -1.566306
9.113996 -0.984252 -1.565776
9.114501 -1.084285 -1.565506
9.115036 -1.184300 -1.565486
9.115593 -1.284323 -1.565297
9.116225 -1.384353 -1.563442
9.116991 -1.479266 -1.561280
9.117851 -1.566839 -1.559037
9.118728 -1.643849 -1.557219
9.119568 -1.710374 -1.555510
9.120333 -1.766515 -1.553940
9.121397 -1.847131 -1.551087
EOP
