0.006547 -0.027043 -0.032076
0.077619 -0.030535 -0.030348
0.175926 -0.033361 -0.029312
0.240868 -0.035168 -0.028766
0.317096 -0.034590 0.017301
0.396272 -0.032927 0.033212
0.479584 -0.028792 0.087237
0.569493 -0.018207 0.157960
0.664223 -0.000070 0.232234
0.758952 0.026989 0.327512
0.850332 0.062424 0.406071
0.941207 0.104635 0.463220
1.029024 0.150574 0.504344
1.114714 0.199901 0.544285
1.198531 0.252822 0.580951
1.280714 0.308217 0.602217
1.362086 0.364558 0.611001
1.443167 0.421588 0.615160
1.524032 0.478345 0.602548
1.606524 0.533843 0.584467
1.689740 0.588383 0.579836
1.773089 0.642784 0.574618
1.856860 0.696428 0.567422
1.941212 0.750077 0.566566
2.025616 0.803674 0.565150
2.110154 0.857117 0.561912
2.194818 0.910243 0.560176
2.279415 0.962761 0.549712
2.364284 1.014016 0.541946
2.449514 1.065680 0.551027
2.534377 1.118568 0.562796
2.618516 1.171838 0.562466
2.703428 1.224598 0.548201
2.789032 1.276214 0.544847
2.874228 1.328588 0.558350
2.958643 1.382136 0.573162
3.042283 1.436899 0.585703
3.125400 1.492466 0.591874
3.208359 1.548341 0.592788
3.291331 1.604132 0.589433
3.374799 1.659044 0.575179
3.459111 1.712699 0.558365
3.544325 1.764963 0.542342
3.630424 1.815828 0.524306
3.717640 1.864905 0.498659
3.806161 1.911337 0.467970
3.895804 1.954981 0.440178
3.986827 1.996378 0.412787
4.079329 2.035409 0.383873
4.172999 2.070681 0.337209
4.265120 2.100564 0.290463
4.353884 2.124642 0.245580
4.435511 2.143260 0.206328
4.508325 2.156810 0.163380
4.570942 2.165675 0.118745
4.622354 2.170501 0.071197
4.692738 2.173009 -0.010743
4.685759 2.178668 -0.193965
4.632527 2.187374 -0.151476
4.576554 2.193095 -0.072463
4.517765 2.193310 0.059726
4.590158 2.204005 0.147975
4.692163 2.220846 0.173384
4.758599 2.232908 0.184635
4.834922 2.247688 0.195191
4.921258 2.265313 0.206627
5.016919 2.285910 0.218352
5.114595 2.307400 0.216032
5.212310 2.328153 0.204874
5.310452 2.347899 0.192188
5.409135 2.366345 0.177673
5.507637 2.383316 0.165022
5.606146 2.399088 0.154195
5.705066 2.413943 0.144648
5.804378 2.427894 0.134156
5.903647 2.440824 0.123701
6.002786 2.452728 0.115423
6.102063 2.463831 0.107111
6.201678 2.474244 0.100046
6.301428 2.483875 0.090647
6.400975 2.492597 0.083908
6.500574 2.500788 0.080260
6.600337 2.508659 0.076269
6.700525 2.515665 0.061337
6.800412 2.520821 0.040357
6.900046 2.524153 0.025480
6.999794 2.525849 0.007260
7.099928 2.526446 0.004031
7.200050 2.526761 -0.000597
7.300403 2.527259 0.012464
7.400499 2.528667 0.015178
7.500093 2.531196 0.038338
7.599586 2.535848 0.055201
7.699535 2.543128 0.092226
7.800282 2.555120 0.149494
7.898929 2.572194 0.192904
7.995803 2.593190 0.235244
8.092058 2.619030 0.291213
8.187501 2.651808 0.371364
8.279406 2.691749 0.449494
8.368179 2.737737 0.507516
8.453224 2.789849 0.595695
8.533221 2.849464 0.687197
8.607332 2.914977 0.758238
8.677813 2.985914 0.818926
8.744445 3.062905 0.898701
8.802458 3.144053 1.003416
8.851642 3.228712 1.085943
8.894965 3.317720 1.147715
8.934420 3.410749 1.194076
8.969510 3.505284 1.237161
8.998386 3.599138 1.314167
9.019393 3.695051 1.397647
9.032433 3.794746 1.481208
9.038579 3.895374 1.541368
9.039823 3.994727 1.585087
9.036979 4.092964 1.627024
9.029365 4.192202 1.674130
9.017535 4.290666 1.714858
9.002182 4.388632 1.745252
8.984241 4.485907 1.768049
8.963552 4.583719 1.796956
8.939974 4.680965 1.821544
8.914533 4.777664 1.836269
8.888086 4.874152 1.840829
8.860937 4.970512 1.852994
8.832709 5.066453 1.861674
8.803934 5.162253 1.862404
8.775444 5.258122 1.859164
8.748202 5.354072 1.829882
8.725041 5.451327 1.779817
8.706288 5.549494 1.740675
8.690235 5.648237 1.724339
8.675477 5.747222 1.714552
8.661161 5.846216 1.715847
8.646473 5.945149 1.721784
8.630917 6.043975 1.734690
8.613464 6.142456 1.758293
8.593277 6.240459 1.793335
8.569222 6.337495 1.835768
8.541016 6.432957 1.879075
8.508538 6.527593 1.928990
8.470451 6.620788 1.991680
8.425996 6.711043 2.073366
8.374470 6.794756 2.173354
8.315268 6.872244 2.273088
8.250681 6.942390 2.364229
8.185817 7.001212 2.457666
8.125326 7.046591 2.544309
8.072093 7.079688 2.634775
8.026068 7.102579 2.729746
7.954941 7.125960 2.944069
7.921265 7.129723 -3.116817
7.928510 7.131509 -2.894904
7.973629 7.149235 -2.677014
8.046296 7.195880 -2.486731
8.087937 7.231383 -2.387575
8.122553 7.267476 -2.278718
8.162469 7.325335 -2.053039
8.174677 7.353650 -1.849683
8.171752 7.335030 -1.654627
8.172200 7.281410 -1.494579
8.176072 7.220357 -1.547249
EOP
