0.210345 0.080052 0.039639
0.210884 0.080294 -0.211430
0.229744 0.073638 -0.427345
0.268942 0.049877 -0.644266
0.318331 0.003225 -0.846343
0.375430 -0.073835 -1.013512
0.401982 -0.120996 -1.102340
0.425863 -0.174508 -1.196922
0.446542 -0.235765 -1.294752
0.461507 -0.299595 -1.385333
0.471466 -0.370464 -1.477160
0.475075 -0.447460 -1.570484
0.470779 -0.533848 -1.672027
0.456931 -0.631422 -1.743206
0.437999 -0.726875 -1.794926
0.415047 -0.821857 -1.820504
0.390482 -0.917991 -1.823119
0.366262 -1.014119 -1.813648
0.343174 -1.110359 -1.797485
0.321652 -1.207139 -1.775878
0.303381 -1.300023 -1.746107
0.289891 -1.386094 -1.715809
0.278254 -1.466033 -1.711314
0.268408 -1.535640 -1.707167
0.260192 -1.594987 -1.703559
0.248536 -1.682627 -1.694848
0.241619 -1.736152 -1.680601
0.231448 -1.773407 -1.911405
0.205445 -1.830823 -2.091492
0.160539 -1.895765 -2.252786
0.090378 -1.969338 -2.403745
0.045160 -2.008085 -2.479684
-0.006390 -2.045886 -2.544558
-0.067425 -2.084728 -2.605462
-0.137656 -2.123990 -2.670083
-0.216557 -2.160876 -2.738154
-0.307851 -2.195329 -2.835933
-0.406406 -2.221407 -2.934583
-0.505295 -2.237792 -3.020058
-0.601743 -2.246461 -3.086073
-0.700316 -2.248503 3.126345
-0.799394 -2.244029 3.067677
-0.897751 -2.235210 3.045571
-0.996371 -2.225612 3.049228
-1.095532 -2.217528 3.077512
-1.194952 -2.212565 3.106020
-1.294364 -2.209987 3.123322
-1.394311 -2.208795 3.135389
-1.493928 -2.208344 3.138208
-1.593926 -2.208221 -3.140415
-1.693456 -2.208062 3.135746
-1.792989 -2.207376 3.136178
-1.892843 -2.206963 3.138268
-1.992839 -2.206700 3.139702
-2.092772 -2.206455 3.137862
-2.192661 -2.206076 3.138162
-2.292568 -2.205774 3.139094
-2.392509 -2.205592 3.140771
-2.491993 -2.205977 -3.128563
-2.591277 -2.208276 -3.107246
-2.690774 -2.212407 -3.093511
-2.790169 -2.217227 -3.096992
-2.889890 -2.220507 -3.127657
-2.989846 -2.219498 3.104464
-3.089773 -2.213849 3.068534
-3.189321 -2.205159 3.041903
-3.288619 -2.194068 3.017839
-3.387625 -2.180689 2.997517
-3.486449 -2.165918 2.992503
-3.585289 -2.151041 2.991974
-3.684108 -2.136034 2.989489
-3.782946 -2.120646 2.984282
-3.881588 -2.104681 2.978111
-3.980240 -2.088263 2.975815
-4.078845 -2.071705 2.974722
-4.177407 -2.055096 2.974928
-4.275996 -2.038659 2.978670
-4.374724 -2.022744 2.985336
-4.473587 -2.007622 2.994816
-4.572473 -1.993592 3.010003
-4.667581 -1.982014 3.032692
-4.755967 -1.973367 3.054968
-4.834614 -1.967134 3.070746
-4.902867 -1.962819 3.086842
-4.960676 -1.960102 3.102966
-5.045274 -1.958350 -3.138542
-4.979994 -1.945869 -3.043428
-4.910809 -1.942002 -3.124802
-4.882340 -1.941964 3.127090
-4.943648 -1.934594 2.879778
-5.006301 -1.911425 2.697265
-5.077641 -1.868507 2.504172
-5.149451 -1.803659 2.314098
-5.184957 -1.761068 2.218314
-5.220875 -1.707990 2.113277
-5.256251 -1.641148 2.006823
-5.289299 -1.560616 1.917752
-5.318162 -1.468881 1.834399
-5.339915 -1.371073 1.738302
-5.350865 -1.271729 1.622112
-5.351402 -1.173376 1.531191
-5.344287 -1.074512 1.469463
-5.331732 -0.974925 1.419350
-5.314479 -0.875804 1.374672
-5.293755 -0.778775 1.350222
-5.271832 -0.681698 1.350072
-5.250605 -0.584310 1.362779
-5.230603 -0.486604 1.373851
-5.211114 -0.388733 1.373862
-5.191230 -0.291116 1.365850
-5.170807 -0.193471 1.363715
-5.151454 -0.096448 1.387673
-5.135721 0.001522 1.437176
-5.124308 0.101383 1.475583
-5.115942 0.201304 1.498263
-5.109323 0.300947 1.510348
-5.103648 0.400682 1.515866
-5.097941 0.500424 1.511307
-5.091359 0.599886 1.498773
-5.083403 0.699535 1.481581
-5.073220 0.799486 1.455728
-5.059978 0.898887 1.417852
-5.042821 0.996349 1.376013
-5.021232 1.093039 1.328015
-4.994314 1.190363 1.271259
-4.961080 1.286417 1.202125
-4.922279 1.377341 1.130408
-4.877105 1.464378 1.053071
-4.825851 1.545845 0.961914
-4.769911 1.620404 0.886805
-4.717043 1.681493 0.821353
-4.667684 1.731458 0.755812
-4.624024 1.769830 0.679569
-4.551684 1.819571 0.504744
-4.509923 1.838778 0.328218
-4.523823 1.837664 0.093878
-4.582108 1.836522 -0.015236
-4.654318 1.840710 -0.078929
-4.743356 1.846934 -0.053059
-4.825008 1.850616 -0.031652
-4.732780 1.855642 0.044490
-4.673926 1.858824 0.054998
-4.604545 1.863112 0.065209
-4.524376 1.868844 0.075738
-4.433633 1.876128 0.084643
-4.334126 1.886224 0.117475
-4.236185 1.899567 0.148853
-4.138472 1.914381 0.150035
-4.040029 1.928313 0.129703
-3.941456 1.939652 0.101300
-3.841731 1.948778 0.080897
-3.741554 1.956027 0.063297
-3.641858 1.961594 0.048403
-3.542161 1.966042 0.041808
-3.442347 1.970082 0.039246
-3.342357 1.973957 0.037586
-3.242473 1.977630 0.035618
-3.142309 1.982325 0.066106
-3.042031 1.991348 0.111326
-2.943337 2.004129 0.145222
-2.845458 2.019846 0.171118
-2.747211 2.037797 0.187180
-2.649088 2.056592 0.189548
-2.550964 2.075153 0.182866
-2.452287 2.092848 0.171275
-2.353588 2.109325 0.158807
-2.255154 2.124493 0.144958
-2.156394 2.137125 0.109903
-2.056235 2.146329 0.072895
-1.955659 2.152038 0.040918
-1.856112 2.154746 0.016479
-1.756558 2.155508 0.000076
-1.656473 2.155003 -0.009637
-1.556495 2.153949 -0.010763
-1.456576 2.153225 -0.005171
-1.356567 2.152601 -0.006619
-1.256644 2.151911 -0.005565
-1.156962 2.152135 0.008983
-1.057190 2.153581 0.018152
-0.957115 2.155475 0.019846
-0.857150 2.157386 0.018740
-0.757123 2.159223 0.017495
-0.657062 2.160949 0.016374
-0.557076 2.162503 0.015113
-0.457056 2.163947 0.014422
-0.357023 2.165356 0.013674
-0.257073 2.166732 0.013130
-0.157051 2.167980 0.011695
-0.057016 2.169085 0.010988
0.042956 2.170122 0.010298
0.142980 2.171219 0.010591
0.242959 2.172260 0.009637
0.342988 2.173156 0.008779
0.442972 2.173989 0.008530
0.543009 2.174849 0.008323
0.643047 2.175710 0.008172
0.743038 2.176522 0.008102
0.843092 2.177327 0.008644
0.943012 2.178216 0.008884
1.043042 2.179092 0.007871
1.143023 2.179814 0.004295
1.242334 2.178952 -0.021354
1.341762 2.175717 -0.041589
1.441729 2.171238 -0.047441
1.541098 2.167278 -0.030899
1.641153 2.165214 -0.009153
1.742065 2.166095 0.027551
1.841925 2.170356 0.057247
1.941055 2.177301 0.081713
2.040428 2.186360 0.099383
2.140070 2.196619 0.105722
2.239508 2.207300 0.107905
2.338900 2.218100 0.108328
2.438266 2.228960 0.108301
2.537622 2.239581 0.105189
2.637016 2.249961 0.103605
2.736430 2.260316 0.104257
2.835785 2.270891 0.107252
2.935228 2.281728 0.110011
3.034732 2.292837 0.113176
3.134111 2.304298 0.116413
3.233374 2.316106 0.120542
3.332086 2.328437 0.128606
3.422799 2.340671 0.139850
3.502995 2.352372 0.150378
3.572480 2.363247 0.160052
3.631227 2.373076 0.170593
3.717436 2.388885 0.192867
3.769576 2.399899 0.231235
3.698333 2.380359 0.276985
3.637113 2.364265 0.211629
3.580804 2.354546 0.130782
3.629185 2.366807 0.342675
3.682523 2.390405 0.504637
3.749274 2.434881 0.690118
3.819130 2.502049 0.846500
3.854039 2.543979 0.910194
3.892472 2.596056 0.959300
3.935287 2.660859 1.027425
3.975617 2.731910 1.089199
4.015149 2.815367 1.178460
4.046964 2.899330 1.247666
4.073473 2.993928 1.352107
4.090561 3.092406 1.443966
4.099812 3.189680 1.505520
4.103768 3.288443 1.555526
4.103559 3.385128 1.584064
4.101629 3.484609 1.591360
4.099922 3.584135 1.581713
4.099380 3.684164 1.571050
4.099605 3.784195 1.566745
4.099989 3.884224 1.568052
4.100295 3.984233 1.567016
4.100652 4.084253 1.568138
4.100920 4.184280 1.567293
4.101257 4.284299 1.567670
4.101482 4.384275 1.569717
4.101614 4.484277 1.569011
4.101757 4.584292 1.570156
4.101716 4.684280 1.571822
4.101526 4.784294 1.573418
4.101273 4.884325 1.573560
4.100976 4.984330 1.574055
4.100606 5.084336 1.574685
4.100186 5.184343 1.574861
4.099795 5.284384 1.574843
4.099385 5.384411 1.575253
4.098935 5.484439 1.575074
4.098429 5.584409 1.576917
4.097744 5.684417 1.577846
4.097031 5.784357 1.578828
4.096193 5.884389 1.579348
4.095311 5.984409 1.579480
4.094385 6.084439 1.580813
4.093328 6.184501 1.582314
4.092794 6.284510 1.562688
4.095573 6.384826 1.520236
4.102665 6.485155 1.480744
4.113126 6.584385 1.454740
4.125477 6.683288 1.439988
4.139067 6.782320 1.430268
4.152938 6.881159 1.435725
4.165471 6.980320 1.458014
4.175593 7.080377 1.484359
4.183116 7.180114 1.506242
4.188025 7.279332 1.540597
4.188813 7.378921 1.587445
4.184201 7.479210 1.651722
4.172331 7.578911 1.730924
4.152170 7.676822 1.817144
4.122981 7.772768 1.922752
4.084905 7.861009 2.035653
4.042131 7.936955 2.132365
3.997333 8.001758 2.218519
3.952560 8.055744 2.310691
3.909590 8.098599 2.406784
3.870866 8.130259 2.504075
3.815764 8.164569 2.675435
3.799630 8.172511 2.924012
3.875909 8.167425 -3.110915
3.965319 8.178744 -2.927598
4.014889 8.191930 -2.832480
4.079204 8.218524 -2.648432
4.096042 8.228654 -2.393703
4.071593 8.200744 -2.140098
4.067238 8.193583 -1.883480
4.067116 8.192998 -1.684033
4.069558 8.116325 -1.507570
4.077543 8.015971 -1.474161
4.084351 7.950584 -1.459034
4.093406 7.875341 -1.442059
4.105216 7.789844 -1.425071
4.120159 7.693948 -1.407196
4.137054 7.595048 -1.395002
4.154818 7.496691 -1.391051
4.172632 7.398218 -1.392539
4.190315 7.299771 -1.392692
4.208119 7.201294 -1.387852
4.226477 7.103027 -1.384314
4.244999 7.004693 -1.384145
4.263549 6.906440 -1.383321
4.282198 6.808134 -1.381067
4.301061 6.709838 -1.379108
4.320223 6.611689 -1.376718
4.339389 6.513518 -1.381425
4.357613 6.415302 -1.389501
4.375451 6.316987 -1.389458
4.393463 6.218575 -1.387289
4.411842 6.120327 -1.383984
4.430577 6.022145 -1.378528
4.449940 5.923942 -1.373171
4.469742 5.825857 -1.369437
4.489914 5.727928 -1.365844
4.510353 5.630111 -1.362896
4.531154 5.532250 -1.357952
4.552216 5.434700 -1.360909
4.572763 5.336929 -1.363733
4.593177 5.239029 -1.368428
4.612783 5.140933 -1.377439
4.631350 5.043104 -1.390247
4.648386 4.944754 -1.407822
4.663793 4.845659 -1.424557
4.677742 4.746512 -1.434628
4.690971 4.647428 -1.439342
4.703924 4.548286 -1.440095
4.717139 4.449564 -1.430135
4.732031 4.351215 -1.412588
4.748626 4.252708 -1.392640
4.767637 4.153967 -1.361101
4.790221 4.056449 -1.326526
4.815898 3.960890 -1.283848
4.846971 3.866440 -1.215935
4.885495 3.773644 -1.137994
4.930144 3.683861 -1.082220
4.979284 3.596859 -1.026402
5.034193 3.513505 -0.942389
5.096487 3.435440 -0.852644
5.164201 3.363538 -0.780995
5.237305 3.295309 -0.720785
5.315365 3.230904 -0.655206
5.397094 3.172606 -0.579613
5.481131 3.121522 -0.513843
5.568548 3.075722 -0.453567
5.660618 3.033873 -0.397165
5.754783 2.997096 -0.350279
5.848659 2.964528 -0.319608
5.943231 2.934864 -0.284693
6.040044 2.908738 -0.242778
6.138415 2.886245 -0.206976
6.236656 2.867161 -0.177437
6.334722 2.851005 -0.152028
6.433486 2.836644 -0.144594
6.531920 2.821251 -0.158425
6.630723 2.805941 -0.143243
6.729487 2.792884 -0.121537
6.828534 2.781519 -0.108935
6.927649 2.770829 -0.112848
7.026464 2.758641 -0.131998
7.125396 2.744984 -0.136652
7.224116 2.732056 -0.121765
7.323369 2.720747 -0.110086
7.423083 2.710107 -0.097307
7.522776 2.701561 -0.068944
7.622043 2.696612 -0.033303
7.721741 2.695261 0.014084
7.822128 2.699693 0.071317
7.921926 2.709394 0.125195
8.020695 2.724657 0.179834
8.117931 2.745775 0.257749
8.213283 2.775810 0.352332
8.304890 2.813588 0.422038
8.394923 2.857021 0.477410
8.483372 2.906433 0.549002
8.566320 2.962677 0.643801
8.642604 3.024723 0.715242
8.715672 3.091703 0.765202
8.786831 3.163430 0.815968
8.854259 3.239565 0.884698
8.912366 3.318307 0.984887
8.962121 3.402101 1.084999
9.003826 3.493398 1.196608
9.036426 3.589989 1.291327
9.060110 3.687137 1.367990
9.076575 3.784916 1.442061
9.085598 3.884501 1.517469
9.087798 3.984379 1.575144
9.085415 4.084394 1.614168
9.079254 4.184334 1.650227
9.069383 4.284017 1.689607
9.055645 4.382928 1.727067
9.038949 4.481221 1.749127
9.020339 4.579478 1.766357
9.000118 4.677739 1.782658
8.978361 4.775321 1.797948
8.955247 4.872278 1.812491
8.930752 4.969242 1.822541
8.905918 5.066052 1.820420
8.881457 5.162949 1.819312
8.856806 5.259814 1.821626
8.831861 5.356638 1.824134
8.806753 5.453464 1.825857
8.781496 5.550236 1.827684
8.756034 5.646938 1.829796
8.730381 5.743534 1.831320
8.704403 5.840128 1.838124
8.677809 5.936507 1.837106
8.653288 6.033336 1.795062
8.633092 6.131905 1.755336
8.616079 6.230555 1.733769
8.600611 6.329268 1.720221
8.586375 6.428124 1.711776
8.572347 6.527111 1.713118
8.557916 6.626046 1.719926
8.542378 6.724847 1.736868
8.524522 6.823754 1.764906
8.503522 6.921523 1.804609
8.478657 7.017190 1.852176
8.448579 7.112345 1.900460
8.413222 7.207312 1.962484
8.371042 7.299399 2.049944
8.321914 7.383620 2.148760
8.264855 7.462243 2.248765
8.199095 7.535882 2.349424
8.133578 7.596808 2.440157
8.073169 7.644098 2.520583
8.018252 7.680261 2.604735
7.970083 7.705962 2.704309
7.894333 7.732673 2.921357
7.856605 7.737688 3.136607
7.855330 7.737692 -3.053662
7.883330 7.743468 -2.868260
7.946368 7.768048 -2.693176
8.033711 7.822259 -2.509943
8.080795 7.860661 -2.404998
8.116817 7.896967 -2.295975
8.157920 7.953654 -2.083037
8.168208 7.975610 -1.896373
8.164563 7.958449 -1.710218
8.162122 7.901654 -1.537182
8.164702 7.829291 -1.529527
8.166433 7.773014 -1.560414
8.172365 7.826382 -1.601822
8.171756 7.745834 -1.573706
8.172081 7.641234 -1.563204
8.172765 7.572890 -1.558305
8.173925 7.494019 -1.553424
8.175758 7.403991 -1.541295
8.181504 7.305479 -1.482887
8.192255 7.211194 -1.421381
8.209685 7.114143 -1.361412
8.232267 7.017413 -1.316597
8.258371 6.924161 -1.279458
8.287742 6.831027 -1.248944
8.319830 6.737892 -1.224833
8.353919 6.645241 -1.209021
8.390140 6.551900 -1.193209
8.427449 6.459182 -1.183169
8.463807 6.368963 -1.188027
8.500517 6.278934 -1.171183
8.538268 6.189309 -1.174899
8.575677 6.097291 -1.194957
8.612099 6.004602 -1.194430
8.648598 5.911681 -1.198024
8.683966 5.818735 -1.215638
8.717788 5.724798 -1.234221
8.749873 5.629725 -1.257706
8.779983 5.534333 -1.274601
8.809212 5.438816 -1.271591
8.839453 5.343324 -1.255049
8.870314 5.248314 -1.259719
8.900162 5.152424 -1.280679
8.927399 5.056180 -1.309634
8.951825 4.959812 -1.335091
8.973976 4.862579 -1.357712
8.994253 4.764189 -1.378186
9.012542 4.665572 -1.397911
9.028922 4.567257 -1.412838
9.044146 4.468599 -1.422051
9.058533 4.369449 -1.432246
9.071926 4.270060 -1.442248
9.084237 4.170880 -1.452237
9.095652 4.071678 -1.459719
9.106412 3.972249 -1.466344
9.116483 3.872557 -1.474497
9.125757 3.772964 -1.481818
9.134237 3.673558 -1.489265
9.142074 3.574046 -1.494867
9.149373 3.474162 -1.501454
9.156185 3.374341 -1.504352
9.162063 3.274993 -1.517344
9.167120 3.175315 -1.522317
9.172121 3.075558 -1.519014
9.177406 2.975736 -1.517408
9.183225 2.875986 -1.507725
9.189322 2.776301 -1.512112
9.194675 2.676520 -1.522385
9.199133 2.576409 -1.531049
9.203100 2.476527 -1.532683
9.206627 2.376718 -1.537841
9.209779 2.276799 -1.540078
9.212734 2.176754 -1.542959
9.215372 2.076736 -1.546647
9.217514 1.976866 -1.552150
9.219254 1.876891 -1.554119
9.220801 1.776880 -1.556671
9.222047 1.676742 -1.560761
9.222852 1.576661 -1.564961
9.223094 1.476773 -1.571311
9.222788 1.376839 -1.576185
9.222042 1.276704 -1.581057
9.220800 1.176604 -1.585858
9.219066 1.076659 -1.590175
9.216868 0.976761 -1.594979
9.214233 0.876722 -1.599611
9.211149 0.776687 -1.604261
9.208949 0.676696 -1.577111
9.210342 0.575658 -1.534680
9.216651 0.475372 -1.478734
9.227608 0.376799 -1.444992
9.240591 0.277769 -1.439128
9.253541 0.178682 -1.442553
9.265501 0.079845 -1.458791
9.275718 -0.020040 -1.480197
9.283320 -0.120556 -1.513053
9.287680 -0.220146 -1.541507
9.288472 -0.319062 -1.584791
9.284228 -0.418716 -1.644046
9.274961 -0.518840 -1.690187
9.261097 -0.617547 -1.737138
9.242422 -0.713430 -1.803211
9.214758 -0.808423 -1.910228
9.176140 -0.900485 -2.023109
9.131309 -0.983175 -2.112749
9.085332 -1.052585 -2.200536
9.038988 -1.110448 -2.295655
8.994994 -1.154835 -2.411312
8.954537 -1.187003 -2.529528
8.895930 -1.220440 -2.731519
8.872041 -1.228941 -2.929834
8.888639 -1.227827 -3.128024
8.912664 -1.228840 3.056053
8.986947 -1.242909 2.878902
9.068374 -1.272208 2.703203
9.115141 -1.299050 2.507463
9.127837 -1.309961 2.308157
9.131098 -1.314194 2.108839
9.127172 -1.305465 1.910240
9.120833 -1.279987 1.732209
9.118446 -1.218338 1.579011
EOP
