0.708387 0.008181 -0.008449
0.776068 0.012200 0.100494
0.872421 0.026587 0.188915
0.936393 0.040420 0.238812
1.010314 0.060324 0.286288
1.093453 0.086652 0.327824
1.183586 0.119544 0.379398
1.273195 0.157324 0.441436
1.360744 0.201370 0.503224
1.445399 0.249234 0.537356
1.529586 0.299346 0.550426
1.614788 0.352212 0.569749
1.698279 0.407096 0.596818
1.780027 0.463509 0.612814
1.861370 0.521447 0.624657
1.941889 0.579055 0.613391
2.023792 0.634763 0.574243
2.109078 0.686404 0.512434
2.197172 0.732805 0.462997
2.286144 0.775921 0.449805
2.374948 0.820377 0.485156
2.462125 0.868947 0.531508
2.547325 0.920814 0.558616
2.631657 0.974109 0.565923
2.715928 1.027593 0.564120
2.800572 1.080359 0.547520
2.886495 1.130946 0.513203
2.974551 1.178240 0.475199
3.064211 1.222539 0.443183
3.155034 1.264273 0.420177
3.246861 1.303842 0.393642
3.339465 1.340836 0.368565
3.433086 1.375921 0.348972
3.527498 1.409198 0.328261
3.622766 1.440323 0.302845
3.718483 1.468849 0.278313
3.814634 1.495289 0.260002
3.911466 1.520305 0.246331
4.009366 1.543520 0.214912
4.107468 1.562835 0.175131
4.205622 1.578931 0.156163
4.304212 1.594188 0.156763
4.402499 1.610368 0.172094
4.500495 1.628489 0.197318
4.598540 1.649602 0.229640
4.695852 1.673211 0.242908
4.792813 1.697091 0.235837
4.890716 1.719480 0.212727
4.988678 1.739271 0.187451
5.086712 1.756790 0.169456
5.185412 1.772890 0.155837
5.284599 1.787784 0.142823
5.383762 1.801417 0.131438
5.482832 1.814072 0.124453
5.582057 1.826073 0.117620
5.681556 1.837384 0.110083
5.781132 1.848010 0.102531
5.880587 1.857822 0.095918
5.980049 1.867165 0.095555
6.079624 1.876715 0.097000
6.179233 1.886313 0.095109
6.278805 1.895501 0.089204
6.378297 1.903967 0.082288
6.477861 1.912245 0.086828
6.577471 1.920921 0.085681
6.676951 1.929546 0.089623
6.776715 1.939065 0.104463
6.876381 1.950250 0.120375
6.975530 1.962826 0.131852
7.074342 1.976353 0.139396
7.173262 1.990313 0.139793
7.272100 2.003802 0.131957
7.371260 2.016253 0.118749
7.471218 2.027049 0.093901
7.571196 2.034992 0.061645
7.670208 2.039484 0.026192
7.769528 2.040129 -0.013231
7.870504 2.036445 -0.066738
7.971866 2.026136 -0.142591
8.068830 2.008149 -0.227905
8.163007 1.981876 -0.316800
8.256369 1.946082 -0.416319
8.347750 1.901100 -0.499454
8.433712 1.849993 -0.576810
8.514272 1.792832 -0.661390
8.590152 1.727777 -0.755405
8.659751 1.656509 -0.836143
8.724357 1.580176 -0.902661
8.783805 1.499447 -0.971367
8.837688 1.414275 -1.044560
8.884891 1.326665 -1.104072
8.927718 1.237174 -1.140105
8.967872 1.145412 -1.185625
9.002969 1.050002 -1.253301
9.031090 0.954028 -1.318646
9.053058 0.857844 -1.372622
9.070399 0.760118 -1.417598
9.084064 0.660289 -1.454637
9.094643 0.560522 -1.469181
9.105319 0.460721 -1.453092
9.118327 0.360949 -1.428506
9.133447 0.262361 -1.410617
9.149953 0.164069 -1.400207
9.166889 0.065906 -1.404411
9.182848 -0.032512 -1.415722
9.197593 -0.131387 -1.431980
9.210622 -0.230979 -1.450139
9.221310 -0.330695 -1.482435
9.227739 -0.429293 -1.530487
9.228735 -0.528081 -1.596805
9.222461 -0.628977 -1.667389
9.209367 -0.728975 -1.736421
9.189406 -0.826645 -1.812279
9.161246 -0.920838 -1.915847
9.123705 -1.008928 -2.034332
9.081796 -1.082367 -2.140861
9.038671 -1.143614 -2.229956
8.997052 -1.192755 -2.318894
8.956834 -1.231933 -2.421166
8.890932 -1.279510 -2.625934
8.858265 -1.295125 -2.810166
8.865560 -1.293982 -2.986504
8.914827 -1.291353 3.120411
8.999036 -1.301060 2.936133
9.060476 -1.320293 2.713270
9.086436 -1.335363 2.479554
9.094723 -1.343553 2.283682
9.101374 -1.353576 2.029459
9.103019 -1.358604 1.784526
9.101210 -1.339635 1.594910
EOP
